651
855
145
869
373
726
850
158
833
614
13
239
606
545
490
65
135
173
425
157
399
397
27
221
761
90
427
45
337
781
716
625
515
954
909
741
960
40
530
371
662
926
234
614
721
687
189
512
644
80
307
340
840
625
673
183
894
372
788
8
351
926
214
994
195
3
734
22
57
279
221
824
459
115
65
121
75
140
191
278
132
948
966
124
971
435
700
843
282
247
276
938
627
488
209
618
490
793
520
652
861
661
66
87
597
480
640
900
48
434
585
360
756
848
927
239
392
647
555
398
627
290
327
725
364
463
149
626
906
452
982
929
210
194
32
536
186
157
615
510
887
302
236
493
13
333
292
984
953
351
